376,270,256
375,278,286
363,296,352
368,282,286
189,309,360
303,354,298
122,371,306
296,358,298
272,322,339
157,324,346
213,372,255
367,244,349
224,262,400
277,225,361
252,224,376
376,270,256
375,278,286
363,296,352
189,309,360
303,354,298
122,371,306
296,358,298
272,322,339
157,324,346
368,282,286
213,372,255
367,244,349
224,262,400
277,225,361
252,224,376
376,270,256
375,278,286
363,296,352
189,309,360
303,354,298
122,371,306
296,358,298
272,322,339
157,324,346
368,282,286
213,372,255
367,244,349
224,262,400
277,225,361
252,224,376
376,270,256
375,278,286
363,296,352
189,309,360
303,354,298
122,371,306
296,358,298
272,322,339
157,324,346
368,282,286
213,372,255
367,244,349
224,262,400
277,225,361
252,224,376
376,270,256
375,278,286
363,296,352
189,309,360
303,354,298
122,371,306
296,358,298
272,322,339
157,324,346
368,282,286
213,372,255
367,244,349
224,262,400
277,225,361
252,224,376
376,270,256
375,278,286
363,296,352
189,309,360
303,354,298
122,371,306
296,358,298
272,322,339
157,324,346
368,282,286
213,372,255
367,244,349
224,262,400
277,225,361
252,224,376
